65051.35999999999
61094.5446
67232.1748
74416.8132
63045.82399999999
3462.1344000000004
58279.8812
3086.4638000000004
65551.9578
47865.4592
63745.728800000004
47972.16
72315.638
61513.3888
30922.0548
2417.6778
29332.2496
33559.8544
30624.4918
50518.9376
35752.941399999996
71325.9372
72428.104
71708.32160000001
35677.97119999999
4048.5200000000004
5608.252800000001
67560.792
46453.041600000004
50190.87240000001
40486.5042
34250.123400000004
56906.9748
67600.7688
37662.9376
35163.731199999995
35749.964799999994
72271.28959999999
75058.47039999999
33764.9984
56710.3872
34042.688
64105.1584
33744.428799999994
69967.4944
49295.0464
62870.9824
41344.896
55949.31199999999
54096.146
66851.2
56802.9504
54973.380800000006
70100.0578
32480.180800000002
57638.825
66557.3788
53466.3364
53443.8432
81684.0558
78400.04860000001
61597.62820000001
60472.9682
41949.818
30005.9288
37856.0556
34437.0892
49743.711800000005
70010.085
76218.20820000001
72349.3778
35854.160800000005
74969.8356
78321.3224
50958.344600000004
30410.8064
57897.49680000001
54550.57919999999
55614.437
46684.6366
33087.4972
58999.6636
78321.3224
50047.37
42815.806200000006
36787.628600000004
73968.8882
38002.261399999996
73912.65520000001
45908.6212
79356.0096
30073.408400000004
46122.3066
65466.4586
51419.455200000004
71854.5274
40409.033800000005
73237.8592
81436.6306
66343.6934
31749.1518
44637.7554
72698.0224
46832.821200000006
48492.832
41826.1054
30725.711199999998
58774.7316
76791.7848
69267.80940000001
31872.864400000002
42827.052800000005
34020.965
51993.031800000004
36675.1626
56525.4116
45335.0446
61451.422399999996
67704.532
77972.67779999999
48045.4752
78681.2136
65072.827600000004
67389.6272
54523.516800000005
37912.2886
58234.8948
33890.332200000004
79198.55720000001
62953.465800000005
64172.758200000004
70479.0984
40086.7362
63792.9786
44374.248
68060.502
60644.8056
69369.74220000001
51899.880600000004
45523.581
59785.5424
51485.7088
48369.4144
64619.3984
62490.4448
50899.47519999999
35698.540799999995
47412.928
76323.5008
27738.1056
60382.0608
28098.073599999996
38280.02559999999
66151.8336
75068.75519999999
47186.6624
61451.67999999999
29376.1192
49963.5584
69412.11519999999
31718.3232
59939.814399999996
32098.8608
79839.6134
35539.256
52161.730800000005
33076.2506
81841.5082
71618.34879999999
42096.0238
36765.1354
43321.9032
80446.9298
35483.023
33312.4292
67063.4758
73046.667
38463.372
59280.8286
46549.6774
35584.242399999996
28521.3776
58808.471399999995
70055.0714
79063.598
51273.2494
41376.2414
82909.9352
35989.12
71359.677
46639.650200000004
61361.4496
28307.692199999998
33031.2642
36259.0384
71910.7604
41409.9812
47055.7744
71348.43040000001
83112.374
45964.8542
83922.1292
54557.2566
51037.0708
64128.1132
31029.369400000003
77207.909
83461.01860000001
36663.916
64577.9772
63070.9328
50013.6302
55760.6428
52757.8006
84012.102
79952.0794
63203.3208
74746.62180000001
58016.331000000006
65611.92300000001
34519.9668
74826.5754
26689.055999999997
48544.256
44973.9
66964.3328
35729.265
63413.19900000001
59425.5744
45813.412800000006
34739.8392
49291.394400000005
64912.329000000005
29652.791400000002
49601.2146
33466.739199999996
51495.993599999994
37987.9542
54838.55359999999
56866.99800000001
74420.8128
47659.763199999994
75151.0336
33693.004799999995
57348.044799999996
29263.017600000003
61394.3706
60075.1362
55557.75780000001
57026.9052
54375.73759999999
50981.7536
56288.710399999996
27707.2512
70677.14559999999
72518.12479999999
65740.44159999999
54817.98399999999
74965.90719999999
77002.29759999999
36139.027200000004
57276.760200000004
29579.084799999997
51440.14740000001
48122.073
70348.032
37078.482
51360.1938
34865.472
30340.159999999996
46230.176
29661.3632
74040.27519999999
74420.8128
54931.116799999996
34001.5488
68630.47039999999
43278.4384
34824.3328
58859.9104
41375.7504
62212.75519999999
37899.488
75325.8752
65915.28319999999
51681.12
41375.7504
40563.2512
52298.208
72857.52319999998
41550.592
71006.25919999999
61944.0516
56792.66559999999
73097.57880000002
44694.0624
37200.12159999999
69989.38260000001
26894.751999999997
59105.698800000006
62433.767400000004
75151.0336
31831.527000000006
56597.1546
56137.42140000001
30712.176600000003
40686.3882
28713.336600000002
48601.7946
57256.7718
27414.090600000003
33040.82520000001
54438.407400000004
71608.443
63753.001800000005
70878.8664
62441.1232
79479.7222
78613.734
46302.2522
50204.8224
36528.95680000001
54680.9692
37248.7392
29297.393
30736.9578
28611.350400000003
83820.9098
82178.9062
32052.81
58943.4306
69616.454
78197.60979999999
62531.096
29567.311400000002
35348.0638
41207.5424
74497.4784
49597.506
69953.852
29274.8998
57919.99
76758.045
28757.5562
40937.624
82977.4148
31231.8082
82066.4402
62508.60280000001
41185.0492
43423.1226
83652.2108
60304.2692
77646.5264
72551.8166
57301.427
71190.978
39644.265
51981.785200000006
78613.734
72203.172
30973.136400000003
50114.8496
31985.330400000003
29758.5036
37023.8072
38148.46720000001
66692.338
34841.9668
78343.8156
38283.4264
67074.7224
37923.535200000006
34707.007600000004
71629.5954
49844.931200000006
39340.6068
81661.5626
69638.94720000001
57200.2076
80604.38220000001
32468.9342
82021.4538
80604.38220000001
56188.0136
36034.1064
74666.1774
71787.0478
34751.994
71832.03420000001
29151.1872
52420.4026
44761.468
48472.846
40993.857
79378.5028
56480.425200000005
35021.9124
39475.566
74497.4784
31051.8626
57875.003600000004
29758.5036
61856.3
46009.8406
60495.4614
73541.51740000001
28386.418400000002
46369.7318
30894.4102
30028.422
74789.89
45233.82520000001
71618.34879999999
43276.916800000006
78276.336
49777.4516
48157.9412
41702.3928
43884.2332
47494.391800000005
72506.8302
37271.2324
48686.5314
40622.7192
62294.9174
74666.1774
74666.1774
42613.367399999996
33233.703
55805.6292
31378.014
56480.425200000005
81504.11020000001
37484.9178
54388.5576
37878.548800000004
72394.3642
68199.3824
70358.7296
57020.262
72394.3642
77421.5944
63014.6998
62958.4668
33447.3884
33053.7574
76881.75760000001
57076.495
74666.1774
82966.1682
81189.2054
64409.2782
59033.403399999996
62812.261
63115.919200000004
34178.4174
41702.3928
32311.4818
51779.346399999995
61518.902
67783.2582
31985.330400000003
59145.869399999996
42320.9558
67378.3806
81774.0286
55288.2856
75925.79660000002
78456.2816
65657.6508
83652.2108
52791.5404
36225.2986
55940.5884
63172.152200000004
68919.1648
59719.446
33638.5806
37878.548800000004
38058.494399999996
73991.38140000001
37878.548800000004
61383.942800000004
35010.6658
44277.8642
76589.346
31231.8082
63835.7016
34841.9668
62958.4668
82774.976
46291.005600000004
34054.70480000001
75655.8782
49631.245800000004
57470.126
63442.0706
37878.548800000004
73822.6824





