11246.6
1265.4
1045.4
11246.6
1085.2
11246.6
11246.6
11246.6
11246.6
11246.6
1085.2
11246.6
11246.6
1085.2
11246.6
1265.4
11246.6
11246.6
11246.6
1045.4
11246.6
1265.4
11246.6
11246.6
11246.6
11246.6
1045.4
11246.6
11246.6
1045.4
1085.2
11246.6
1265.4
11246.6
11246.6
1265.4
11246.6
11246.6
11246.6
1045.4
11246.6
11246.6
11246.6
1085.2
11246.6
11246.6
11246.6
11246.6
11246.6
1045.4
1085.2
1265.4
11246.6
11246.6
1085.2
11246.6
11246.6
1265.4
11246.6
11246.6
11246.6
1085.2
11246.6
11246.6
11246.6
11246.6
11246.6
11246.6
11246.6
11246.6
11246.6
11246.6
11246.6
1265.4
1085.2
1045.4
11246.6
11246.6
1265.4
1265.4
1085.2
1045.4
11246.6
1045.4
1265.4
11246.6
11246.6
11246.6
11246.6
11246.6
11246.6
11246.6
11246.6
11246.6
11246.6
1085.2
11246.6
1085.2
11246.6
11246.6
