294.02442
207.066471
276.111839
164.630664
213.491185
207.892559
347.028521
270.074063
246.012466
264.969382
613.020356
167.060139
191.29019
253.497699
387.115956
200.074537
203.001166
204.949201
206.004723
195.162146
258.01609
227.07906
285.001076
202.055972
447.045409
453.870151
712.047714
260.226499
241.775914
207.98159
273.21956
258.040209
193.066036
242.083513
194.918066
246.987066
302.930036
521.963604
240.866026
241.101066
268.15246
319.137308
311.04529
265.785899
231.056976
206.095304
187.931391
212.051465
231.052439
263.092307
438.113055
250.093964
188.168197
290.956423
355.373523
218.110408
240.031022
197.043222
480.058547
274.959482
234.992378
226.631656
269.060557
252.814505
183.425487
349.991292
535.021247
193.22179
227.001732
269.034837
218.043655
238.597493
280.921284
236.375606
245.25243
266.109283
278.756728
246.068373
165.128082
273.131483
250.034025
316.139171
194.755481
346.148643
176.942472
182.214913
264.770773
269.928476
220.00782
261.99323
169.229204
211.807781
159.959263
481.850491
289.079934
241.044347
296.075585
179.905267
234.023569
350.041882
228.942595
481.286106
204.024534
229.973818
297.805146
168.522403
254.03042
177.562064
284.031254
240.325752
221.610532
192.070684
325.963585
568.906413
