294.298517
187.226571
275.709035
196.097957
212.143119
272.284962
347.048215
268.050569
246.073847
613.039378
167.073018
226.075206
355.015765
191.205092
340.068578
199.973421
186.066722
264.186667
206.330555
177.901828
257.925947
227.191732
284.983974
201.793079
446.967406
251.012314
712.25826
355.063649
681.013294
207.952674
273.035086
350.983875
193.212313
434.955067
194.99274
264.092316
522.131432
336.55047
241.229503
231.960651
334.011373
268.305134
270.228865
203.25884
365.699242
233.997419
187.837643
278.948414
230.979777
207.045542
250.060462
359.028974
291.019892
235.994766
354.913543
240.019559
199.401899
239.979656
196.288442
242.064255
234.985466
227.199052
365.002376
254.021351
232.226595
176.085249
536.240479
311.781251
573.233846
236.147884
220.062044
321.111131
247.951265
235.971493
248.788534
265.934566
278.259763
332.072117
536.009739
272.895693
252.098925
275.914294
240.014098
288.149087
266.991328
229.543645
436.696489
269.850069
292.089613
197.920756
169.348048
211.727957
196.155059
483.023763
288.938975
318.896454
259.017086
180.205968
209.900168
349.982704
230.003399
482.124022
230.172572
266.202876
298.210258
209.006596
