293.809346
187.175812
223.930608
212.010101
395.091912
261.283994
256.483999
469.021412
285.793128
677.007837
307.093751
185.417602
574.01019
473.134103
341.062513
200.0621
210.953491
192.741829
198.131286
184.047569
193.526751
442.02849
378.455929
210.982355
542.951225
595.353099
474.915136
287.942889
553.938886
199.072128
213.241151
285.00646
192.934545
435.039815
167.066151
427.053648
271.946784
524.003984
247.159869
242.06063
343.762848
295.352551
328.070534
223.928085
526.09711
680.153971
187.878319
221.382826
413.904735
250.036972
690.013281
263.758425
646.800948
187.286013
294.903087
342.107327
198.775398
685.087452
241.842254
585.291027
234.932782
190.036853
468.904504
252.846991
189.055189
534.777713
249.125719
575.68855
424.966962
244.022246
218.030315
248.303878
483.424549
196.835951
226.248145
279.078739
227.12885
270.140515
446.159789
259.656916
250.181581
216.97006
292.035089
185.681458
211.017457
356.719926
579.851557
255.963519
230.478401
224.901418
168.944233
211.917563
165.140371
482.450961
236.045528
398.997959
334.863205
180.191114
210.040362
228.741935
486.148145
481.003001
186.354206
203.624735
297.967698
173.869841
253.974506
168.985197
229.879484
240.061561
202.2131
462.130464
247.655021
441.723311
185.975331
173.117262
