309.980536
294.087074
454.024314
463.096087
368.969586
529.046377
750.933712
353.080441
530.932425
609.928571
1142.03318
890.986547
1044.98817
478.074379
465.038637
1579.943741
374.966745
661.015211
1110.05369
545.04228
347.946751
4181.939308
995.019119
1021.02576
595.027444
821.964212
373.908783
591.067231
847.030735
1846.050875
978.924621
4028.053512
408.021315
307.069477
824.015518
656.120833
4613.016547
2912.097293
805.990572
485.943931
742.980234
1873.027319
1245.033389
378.001293
947.989175
2341.045758
938.052751
4244.011261
6704.022663
584.065425
512.044342
436.993341
606.051464
477.963549
605.942256
7294.946371
818.03204
860.946392
1132.995703
938.95973
672.061348
437.013815
1669.968747
527.008922
650.970055
313.913179
1679.991966
538.944927
5055.018196
585.012
1096.976415
414.975565
849.957515
696.027826
295.994368
779.073477
788.966633
394.007709
631.012515
2891.997006
5105.968733
8474.005321
6450.060352
518.980971
844.008969
291.067025
503.074612
691.019701
1495.990618
620.018259
522.980306
1130.022223
4396.991113
667.981358
668.015879
637.983261
400.972125
775.003408
1270.009694
472.999696
563.067189
1012.005939
6576.96503
646.035658
1546.999426
436.049343
1583.968836
593.012996
500.973576
2007.035241
848.059047
719.998055
785.926889
463.063784
513.007004
439.956532
868.989074
389.005314
1664.045271
345.976402
1039.962427
443.98335
909.027477
493.045094
742.053284
438.051539
426.009553
478.047222
1639.942372
900.007826
8293.051979
575.070897
1279.028472
1050.991062
10013.003526
530.916465
493.038328
1111.990531
556.985221
409.988553
426.010612
1026.008792
505.04631
705.997011
540.019731
7346.024321
5976.978742
658.031535
432.991291
616.971393
360.98507
283.956397
523.030497
1044.026883
536.945126
582.946921
1144.973236
875.930728
1168.947787
1227.941134
2901.992014
532.019781
9301.098656
1933.96693
296.005308
1195.014675
1427.982489
9070.088155
619.99986
797.989628
2842.986031
7387.035316
1952.020639
694.923465
9084.002732
1060.99249
684.010304
797.028899
2934.950928
1551.985289
1393.943707
471.98938
472.00999
2449.998207
304.997746
723.018594
1929.001993
2869.995964
360.050925
558.998709
730.99067
3659.012709
1365.02156
1385.968215
552.012693
436.945586
671.025727
531.042046
559.977138
2772.967266
717.009316
486.0208
1062.037598
12445.983721
366.002879
804.932817
565.032138
486.063305
384.038564
864.022864
497.047183
650.030932
796.938886
604.044205
1106.930599
517.024111
1069.035351
1554.054223
873.043779
366.065289
280.993556
454.899567
1580.009952
450.024588
2275.04986
932.943486
362.019906
8000.998825
661.99023
337.998191
4865.998059
1455.94623
519.010909
821.009955
554.007636
456.995518
713.072342
617.014487
758.003363
480.923384
418.037605
1146.982702
454.043957
1131.005694
4792.038668
395.994877
610.011644
1166.975695
525.06896
17729.031659
937.014428
565.004352
492.005995
722.989211
7426.043381
760.980862
520.002032
448.057249
7275.012891
556.990638
832.038434
572.026756
590.033093
5633.995834
531.013288
594.99538
965.056211
10494.976307
665.067756
930.034973
3477.988894
329.012591
1620.993635
1046.976079
685.993234
308.024463
