518.004921
858.026153
1017.967133
2804.020653
3448.993067
527.966185
378.999696
3568.008768
5923.949332
3723.988486
295.987573
4231.01812
403.016219
2068.032988
4809.030265
611.013344
486.956793
671.98899
518.012812
833.03589
2883.996821
861.957033
5631.931984
737.040362
8631.987627
553.992821
367.008992
737.997679
1049.035425
5592.996229
367.012194
726.998329
967.996759
904.014518
7358.995634
4489.047279
1125.998122
3925.028665
808.007593
5163.980977
437.034917
870.914666
780.972786
5569.021807
509.946402
1730.01777
581.007525
619.980241
830.007762
2585.994632
691.004026
960.921894
731.963365
459.025585
618.993589
433.021555
475.978571
775.926355
362.021787
8962.012079
783.956552
336.000496
430.053445
323.960747
765.999626
859.01961
893.029183
945.105957
295.010562
1261.016159
773.949719
1850.96565
768.946283
720.983268
337.012221
768.00553
621.04995
1879.989112
725.001681
628.027407
530.006081
1379.036663
569.981513
467.027765
1011.985072
1849.051865
14026.01872
393.983028
341.060104
775.988152
822.001813
550.978001
984.960962
749.979733
1122.008048
765.013063
304.026475
384.9814
846.016221
19140.027543
