27
37
0
0
35
42
32
35
42
26
27
32
35
28
33
0
32
26
24
46
20
27
46
32
32
42
46
26
37
26
37
26
36
35
32
32
20
24
24
27
32
32
27
24
27
27
27
27
27
32
32
27
33
32
32
32
42
42
33
46
46
32
42
42
42
42
42
46
46
32
46
46
46
32
46
33
32
32
42
46
33
33
46
46
33
46
32
46
46
32
32
32
32
42
46
42
42
32
46
42
32
46
32
26
20
42
42
32
32
46
46
46
32
42
42
32
42
33
46
42
42
46
32
32
33
46
46
46
37
36
37
35
26
26
36
35
26
37
37
26
27
32
24
27
24
32
27
32
20
27
32
32
24
27
27
32
32
32
27
32
32
24
27
32
46
42
32
32
33
46
46
33
42
32
33
46
42
46
46
32
42
33
33
46
46
42
42
32
46
46
42
42
42
33
46
42
42
42
46
46
32
32
46
46
33
32
32
32
46
42
32
32
42
46
46
42
26
26
26
37
36
26
26
27
24
27
37
36
27
26
35
26
37
26
35
32
27
26
35
20
27
27
20
24
24
35
36
37
26
35
27
27
24
32
32
32
27
27
24
20
26
37
26
32
24
26
26
26
27
32
32
24
24
20
27
27
27
20
27
32
24
24
24
27
27
27
24
27
32
32
27
24
20
26
26
26
36
26
27
27
26
27
37
26
35
26
37
26
37
36
35
35
26
36
37
35
42
32
46
32
32
32
42
46
32
33
46
46
33
32
42
42
46
42
42
32
33
42
32
32
46
32
32
32
46
42
46
46
32
32
42
42
33
46
46
46
42
33
33
32
33
46
42
32
46
32
32
46
32
46
32
32
42
42
42
32
46
32
46
32
46
32
32
32
46
32
33
46
46
42
42
42
46
33
46
46
46
46
46
46
46
42
32
33
42
46
32
32
42
32
42
32
32
46
42
33
32
46
46
32
42
42
33
46
46
46
32
32
42
46
33
32
32
32
42
32
46
33
32
33
46
46
42
32
46
46
46
32
46
42
42
42
46
32
32
46
42
33
46
46
46
33
32
33
42
32
42
46
46
46
46
46
32
32
46
32
32
32
32
32
33
32
32
32
42
42
32
33
42
42
46
46
32
42
33
42
32
32
46
46





